R=1;
LS=0.01;
LR=0.005;
LM=0.02;
W=300;
Vp=12;
Ip=2;
P=2;
sigma=0.1;
